5.48813504e-01 7.15189366e-01 6.02763376e-01 5.44883183e-01
4.23654799e-01 6.45894113e-01 4.37587211e-01 8.91773001e-01
9.63662761e-01 3.83441519e-01 7.91725038e-01 5.28894920e-01
6.13530208e-01 1.02519452e+00 7.10360582e-02 8.71292997e-02
2.02183974e-02 8.32619846e-01 7.78156751e-01 8.70012148e-01
9.78618342e-01 7.99158564e-01 4.61479362e-01 7.80529176e-01
1.18274426e-01 6.39921021e-01 1.43353287e-01 9.44668917e-01
5.21848322e-01 4.14661940e-01 2.64555612e-01 7.74233689e-01
4.62424215e-01 5.90000419e-01 2.37199330e-01 1.18267703e+00
1.53121949e+00 1.98542459e+00 3.53172455e+00 4.13284771e+00
4.20382931e+00 4.33860254e+00 4.52587578e+00 3.48654947e+00
4.15426107e+00 3.90600058e+00 2.53760080e+00 1.80483712e+00
1.58157623e+00 8.66405594e-01 8.07427947e-01 5.21730455e-01
9.88373838e-01 1.02044811e-01 2.08876756e-01 1.61309518e-01
6.53108325e-01 2.53291603e-01 4.91406302e-01 2.49523121e-01
3.18561466e-01 2.21736553e-01 1.55192630e+00 2.71439589e+00
4.97257530e+00 9.41213446e+00 1.68731133e+01 2.42488035e+01
3.68994364e+01 5.02616696e+01 6.55256902e+01 7.47137750e+01
7.97590781e+01 7.46382258e+01 6.34674999e+01 4.62965224e+01
2.78302480e+01 1.47148154e+01 7.08604937e+00 2.21459654e+00
1.01007083e+00 5.52680524e-01 6.41474963e-02 6.92472119e-01
5.66601454e-01 2.65389491e-01 5.78536642e-01 1.87264511e-01
7.44164966e-01 1.48884808e+00 2.24739566e+00 5.95943014e+00
1.05158574e+01 2.07425597e+01 3.48000723e+01 5.30112414e+01
7.65624440e+01 1.08037540e+02 1.47521328e+02 1.76488614e+02
1.88153969e+02 1.80922136e+02 1.55664007e+02 1.14594353e+02
6.90128564e+01 3.70125133e+01 1.72158696e+01 6.72496991e+00
2.70322575e+00 1.32369231e+00 4.94571614e-01 8.46408672e-01
6.99479275e-01 2.97436951e-01 8.22424408e-01 4.65910564e-01
1.06892755e+00 1.81565923e+00 4.07827842e+00 8.64154053e+00
1.72686978e+01 3.22236414e+01 5.34990516e+01 7.87016317e+01
1.15416187e+02 1.63804057e+02 2.09809427e+02 2.41943928e+02
2.50807592e+02 2.29348657e+02 1.86466044e+02 1.29972264e+02
7.72061835e+01 4.20537134e+01 2.00887971e+01 8.52615758e+00
3.61166854e+00 1.28921564e+00 6.83472682e-01 4.56121847e-01
8.96546596e-01 3.67561870e-01 5.59774102e-01 9.25645473e-01
1.25320811e+00 2.52841200e+00 4.40136481e+00 1.16246770e+01
2.46769006e+01 4.50303861e+01 7.11301884e+01 1.06728380e+02
1.58420817e+02 2.12564758e+02 2.55082075e+02 2.73258164e+02
2.59084693e+02 2.14690200e+02 1.56609527e+02 9.99246969e+01
5.71948972e+01 2.97904324e+01 1.50860610e+01 7.79196209e+00
4.17441727e+00 1.70199322e+00 1.14448908e-01 3.96445006e-01
7.29990562e-01 1.71629677e-01 5.76325194e-01 5.94355178e-02
6.18384956e-01 2.08066238e+00 6.45424186e+00 1.54124103e+01
3.24822724e+01 6.02207827e+01 9.45089025e+01 1.44126277e+02
2.04209775e+02 2.54342392e+02 2.80912791e+02 2.70771883e+02
2.24643371e+02 1.60596566e+02 1.00974629e+02 5.69698325e+01
3.09976140e+01 1.65485187e+01 8.95249420e+00 4.45753206e+00
2.05068995e+00 1.69880023e+00 8.66989030e-01 5.52805514e-01
2.27414628e-01 2.54356482e-01 5.80291603e-02 4.41865135e-01
6.94495568e-01 2.79488423e+00 7.86211905e+00 2.09920682e+01
4.38231108e+01 7.81849836e+01 1.24971121e+02 1.87284044e+02
2.45849740e+02 2.85194780e+02 2.86285452e+02 2.40346396e+02
1.68254879e+02 9.95740256e+01 5.10365332e+01 2.65827418e+01
1.52440885e+01 9.55117919e+00 5.97123805e+00 3.60989073e+00
1.95266596e+00 1.42160077e+00 5.29594858e-01 8.38434952e-01
1.85635944e-01 9.52791657e-01 6.87488237e-01 2.15501050e-01
1.31196188e+00 3.14438616e+00 1.03850016e+01 2.90486995e+01
5.95809972e+01 1.02673026e+02 1.61597662e+02 2.29904880e+02
2.82736981e+02 3.00186658e+02 2.64796681e+02 1.86292990e+02
1.07875008e+02 5.17088384e+01 2.45728382e+01 1.42605624e+01
1.14073904e+01 8.43502559e+00 5.40212429e+00 2.41913454e+00
9.02619877e-01 7.88781183e-01 5.66572032e-01 9.40431945e-01
7.65325254e-01 7.48663620e-01 9.03718485e-01 9.82927492e-02
1.00253094e+00 3.86164944e+00 1.56767929e+01 3.93809618e+01
7.85199915e+01 1.32190474e+02 2.03969748e+02 2.73202266e+02
3.13119244e+02 2.95735921e+02 2.18276189e+02 1.26756610e+02
6.07022231e+01 2.99377537e+01 2.23752691e+01 2.22525905e+01
2.03170510e+01 1.66239655e+01 9.44778574e+00 5.25539494e+00
2.27358418e+00 1.20149078e+00 8.28467349e-01 8.74287967e-01
2.93020285e-01 8.48943555e-01 6.17876417e-01 3.08119558e-02
7.61977322e-01 4.86925431e+00 2.17095951e+01 5.19698359e+01
1.00947105e+02 1.69258939e+02 2.49976155e+02 3.12913170e+02
3.24413559e+02 2.63087725e+02 1.60369434e+02 8.16892642e+01
4.66735738e+01 4.40990389e+01 4.95363538e+01 5.18951658e+01
4.81394800e+01 3.73977922e+01 2.37218686e+01 1.09308348e+01
4.05138349e+00 9.16444417e-01 3.30505752e-01 5.34271818e-02
7.25594364e-01 1.14274586e-02 7.70572788e-01 1.67593038e-01
5.35848083e-01 7.06739205e+00 2.81709565e+01 6.55328997e+01
1.27920701e+02 2.14003467e+02 2.97318531e+02 3.41398722e+02
3.10559756e+02 2.15946164e+02 1.19524228e+02 7.71836495e+01
8.40967589e+01 1.03242660e+02 1.16616557e+02 1.15157576e+02
9.86789634e+01 7.53782143e+01 4.82533033e+01 2.61734463e+01
8.61153976e+00 2.08664305e+00 9.11620376e-01 8.28774974e-01
2.59422564e-01 3.73813138e-01 5.87582772e-01 2.93361118e-01
9.06357505e-01 9.22048903e+00 3.54914749e+01 8.20737605e+01
1.60809490e+02 2.58210458e+02 3.37775267e+02 3.52466785e+02
2.81368016e+02 1.80365830e+02 1.25271585e+02 1.38418897e+02
1.79325520e+02 2.10172825e+02 2.18139939e+02 2.04669297e+02
1.73328640e+02 1.29688141e+02 8.26648993e+01 4.47933838e+01
1.76151139e+01 3.56450129e+00 6.80655009e-01 5.16513304e-01
8.82041410e-01 4.58603962e-01 7.24155676e-01 3.98751988e-01
1.39346302e+00 1.18167035e+01 4.32668075e+01 1.02504345e+02
1.98418233e+02 3.02027127e+02 3.66384784e+02 3.43481099e+02
2.52832520e+02 1.84405525e+02 1.94851027e+02 2.52672739e+02
3.00644033e+02 3.18456920e+02 3.08945826e+02 2.80908521e+02
2.36385605e+02 1.80866223e+02 1.17968573e+02 6.50191858e+01
2.86021201e+01 5.05952873e+00 2.36419030e-01 4.40109075e-01
2.58684067e-01 8.49038308e-01 3.32968618e-02 9.58727075e-01
5.99415515e-01 1.35975448e+01 5.16312840e+01 1.25400682e+02
2.33583190e+02 3.42275332e+02 3.79952006e+02 3.29351976e+02
2.47557648e+02 2.32472279e+02 2.88848434e+02 3.49459993e+02
3.70559459e+02 3.55819522e+02 3.31953458e+02 3.12203289e+02
2.76049070e+02 2.14755689e+02 1.43910068e+02 7.99845304e+01
3.50608641e+01 7.34305889e+00 2.52723042e-01 6.18480260e-01
9.74256213e-01 9.90345002e-01 4.09051782e-01 1.62753093e-01
1.01016070e+00 1.55670665e+01 6.11709081e+01 1.44731527e+02
2.62628954e+02 3.66657236e+02 3.84996449e+02 3.23993718e+02
2.68821467e+02 2.91126057e+02 3.46935044e+02 3.63540177e+02
3.36546336e+02 3.05958708e+02 2.98621291e+02 3.07899809e+02
2.94150489e+02 2.37040166e+02 1.57287740e+02 8.48435640e+01
3.63611442e+01 9.62405345e+00 1.01455032e+00 9.85491428e-01
9.68971705e-01 9.04948346e-01 2.96555716e-01 9.98949596e-01
1.11844424e+00 1.66592567e+01 6.55933680e+01 1.56910033e+02
2.80100000e+02 3.79257513e+02 3.90995750e+02 3.36027520e+02
2.98212827e+02 3.16491709e+02 3.30725575e+02 2.98144914e+02
2.48883978e+02 2.37694252e+02 2.74499394e+02 3.14371638e+02
3.05830541e+02 2.35948159e+02 1.51649693e+02 7.80346843e+01
3.29181924e+01 9.54367419e+00 1.15783361e+00 7.50764862e-01
6.99575060e-01 9.67965567e-01 9.94398633e-01 4.88231251e-01
1.20101099e+00 1.64257061e+01 6.26103292e+01 1.55826846e+02
2.80923413e+02 3.84609347e+02 4.09941531e+02 3.68537122e+02
3.24030178e+02 3.08987463e+02 2.84619046e+02 2.38811003e+02
2.15513225e+02 2.48764208e+02 3.14929390e+02 3.47218356e+02
3.06184979e+02 2.16824057e+02 1.27015164e+02 6.08463331e+01
2.29226022e+01 6.10892318e+00 6.66917030e-01 7.50595023e-01
3.33505466e-01 9.24158767e-01 8.62313566e-01 1.23944374e-01
1.73058241e+00 1.37913460e+01 5.31231300e+01 1.38960373e+02
2.60435902e+02 3.78835180e+02 4.37664966e+02 4.18348147e+02
3.62558998e+02 3.19951876e+02 2.87929515e+02 2.71635540e+02
2.94101017e+02 3.47792152e+02 3.85683777e+02 3.57958218e+02
2.70668637e+02 1.72059149e+02 9.03519483e+01 3.97682201e+01
1.22494250e+01 3.20799224e+00 1.11363317e-01 3.42610984e-01
6.22231059e-01 2.79067948e-01 2.09749950e-01 1.40381194e-01
1.95692879e+00 1.00384143e+01 3.80461446e+01 1.05833512e+02
2.15540431e+02 3.44578476e+02 4.46516949e+02 4.70512221e+02
4.39886088e+02 3.98269656e+02 3.78854149e+02 3.89121194e+02
4.16834702e+02 4.27900974e+02 3.88973078e+02 2.99462451e+02
1.97893359e+02 1.10073065e+02 5.13592564e+01 1.84680206e+01
5.06133621e+00 1.26352023e+00 7.07599967e-01 8.86960781e-01
6.18826168e-01 1.33461471e-01 9.84106172e-01 8.71772166e-01
1.39355735e+00 5.65738857e+00 2.07469305e+01 6.39502952e+01
1.44891232e+02 2.63329447e+02 3.88334600e+02 4.69778881e+02
4.95387185e+02 4.90359970e+02 4.83056269e+02 4.73490521e+02
4.47088680e+02 3.86363816e+02 2.93665019e+02 1.90658090e+02
1.05653331e+02 5.04224808e+01 1.93412330e+01 6.07443222e+00
2.05151189e+00 5.86143854e-01 1.38429170e-01 5.99442982e-02
6.10785371e-02 9.07732957e-01 7.49685643e-01 8.98057181e-01
8.68602507e-01 2.01846518e+00 7.77249734e+00 2.72243269e+01
6.81745151e+01 1.41577696e+02 2.42460754e+02 3.43009329e+02
4.10994184e+02 4.39146206e+02 4.27639881e+02 3.81799871e+02
3.11664285e+02 2.25549048e+02 1.41449738e+02 7.75981704e+01
3.64764438e+01 1.52024573e+01 5.55094217e+00 1.79112726e+00
1.33816122e+00 2.57711236e-01 1.95617600e-01 3.43391729e-01
5.91026901e-01 6.59176472e-01 3.97256747e-01 9.99270582e-01
3.51863388e-01 8.18961374e-01 1.46707203e+00 6.09189990e+00
1.64600849e+01 3.57423509e+01 7.14289067e+01 1.12256886e+02
1.50232993e+02 1.68974810e+02 1.64448596e+02 1.38144909e+02
9.98180490e+01 6.30510220e+01 3.48952139e+01 1.73423683e+01
7.22785205e+00 2.93622685e+00 1.50635053e+00 9.22217839e-01
8.56248106e-01 9.66000904e-01 1.02577495e+00 3.99801692e-01
3.80335184e-01 1.47808677e-01 6.84934439e-01 6.56756547e-01
8.62037655e-01 9.71409752e-02 4.97381731e-01 7.63069930e-01
1.32659739e+00 2.88894897e+00 5.90370656e+00 8.42231845e+00
1.27994207e+01 1.62864585e+01 1.71615004e+01 1.55642097e+01
1.07187009e+01 7.01683523e+00 3.73651615e+00 2.34833557e+00
1.43157184e+00 7.69512885e-01 8.23281792e-01 3.44252441e-01
7.13630790e-01 6.39171801e-01 3.99161145e-01 4.31760128e-01
6.14527700e-01 7.00421901e-02 8.22406738e-01 6.53421161e-01
7.26303523e-01 5.36715315e-01 1.09849111e-01 4.03419339e-01
4.01944210e-01 3.14676598e-01 1.93431876e-02 8.91553066e-01
4.40753321e-01 1.06396284e+00 1.26939852e+00 1.28131048e+00
1.63892970e+00 5.31689528e-01 1.07643061e+00 8.24519211e-02
5.58913875e-01 4.02242638e-01 5.23231429e-01 3.64656936e-01
1.90479346e-01 1.91132896e-02 5.18149814e-01 8.42776863e-01
3.73215956e-01 2.22863818e-01 8.05305917e-02 8.53109231e-02
2.21355701e-01 9.97840609e-02 2.64436992e-01 6.47393053e-02
6.25469849e-02 8.50767474e-01 1.53409947e-01 5.70678406e-01
8.50085662e-01 4.49800820e-01 1.41266878e-01 1.88604691e-01
4.22494481e-01 5.19059344e-01 3.42465351e-01 7.76853600e-01
7.48262551e-01 9.25812278e-01 2.83694902e-02 8.95467056e-01
3.92529416e-01 8.78367515e-01 6.90784776e-01 9.87348757e-01
7.59282452e-01 3.64544626e-01 5.01063173e-01 3.76387665e-01
3.64874503e-01 2.60816382e-01 4.95772491e-01 6.81405749e-01
2.76565644e-01 5.22941890e-01 1.15156490e-01 1.56711914e-01
4.30554528e-02 9.66935874e-01 2.77645628e-04 1.75528439e-01
6.09874008e-01 7.87819910e-02 8.79922621e-01 7.18236785e-01
9.65486599e-01 5.07270371e-01 3.00310311e-01 5.49480141e-01
9.30817619e-01 5.20761437e-01 2.67207032e-01 8.77398789e-01
3.71918749e-01 1.38335000e-03 2.47685022e-01 3.18233509e-01
8.58777468e-01 4.58503167e-01 4.44585680e-01 3.36093129e-01
8.80669025e-01 9.45011679e-01 9.91855545e-01 3.76704012e-01
9.66093014e-01 7.91841138e-01 6.75597775e-01 2.44840107e-01
2.16409928e-01 1.66014177e-01 9.22718806e-01 2.94032858e-01
4.53050285e-01 4.93938305e-01 7.78163595e-01 8.44234962e-01
1.39072701e-01 4.26904360e-01 8.42854888e-01 8.18033306e-01