5.48813504e-01 7.15189366e-01 6.02763376e-01 5.44883183e-01
4.23654799e-01 6.45894113e-01 4.37587211e-01 8.91773001e-01
9.63662761e-01 3.83441519e-01 7.91725038e-01 5.28894920e-01
5.68044561e-01 9.25596638e-01 7.10360582e-02 8.71292997e-02
2.02183974e-02 8.32619846e-01 7.78156751e-01 8.70012148e-01
9.78618342e-01 7.99158564e-01 4.61479362e-01 7.80529176e-01
1.18274426e-01 6.39921021e-01 1.43353287e-01 9.44668917e-01
5.21848322e-01 4.14661940e-01 2.64555612e-01 7.74233689e-01
4.56150332e-01 5.68433949e-01 1.87898004e-02 6.17635497e-01
6.12095723e-01 6.16933997e-01 9.43748079e-01 6.81820299e-01
3.59507901e-01 4.37031954e-01 6.97631196e-01 6.02254716e-02
6.66766715e-01 6.70637870e-01 2.10382561e-01 1.28926298e-01
3.15428351e-01 3.63710771e-01 5.70196770e-01 4.38601513e-01
9.88373838e-01 1.02044811e-01 2.08876756e-01 1.61309518e-01
6.53108325e-01 2.53291603e-01 4.66310773e-01 2.44425592e-01
1.58969584e-01 1.10375141e-01 6.56329589e-01 1.38182951e-01
1.96582362e-01 3.68725171e-01 8.20993230e-01 9.71012758e-02
8.37944908e-01 9.60984080e-02 9.76459465e-01 4.68651202e-01
9.76761088e-01 6.04845520e-01 7.39263580e-01 3.91877924e-02
2.82806963e-01 1.20196561e-01 2.96140198e-01 1.18727719e-01
3.17983179e-01 4.14262995e-01 6.41474963e-02 6.92472119e-01
5.66601454e-01 2.65389491e-01 5.23248053e-01 9.39405108e-02
5.75946496e-01 9.29296198e-01 3.18568952e-01 6.67410380e-01
1.31797862e-01 7.16327204e-01 2.89406093e-01 1.83191362e-01
5.86512935e-01 2.01075466e-02 8.28940030e-01 4.69547658e-03
6.77816537e-01 2.61380523e-01 6.71272454e-01 9.51600310e-01
2.48753144e-01 5.76157334e-01 5.92041931e-01 5.72251906e-01
2.23081633e-01 9.52749012e-01 4.47125379e-01 8.46408672e-01
6.99479275e-01 2.97436951e-01 8.13797820e-01 3.96505741e-01
8.81103197e-01 5.81272873e-01 8.81735362e-01 6.92531590e-01
7.25254280e-01 4.95049872e-01 8.30593439e-01 2.22421572e-01
-4.72223382e-01 -7.15175412e-01 -1.55923817e+00 -1.16469969e+00
-4.68846070e-01 -5.17765529e-01 1.00368370e-01 2.27984387e-01
-5.31024948e-03 2.90439189e-01 5.69964911e-01 5.90872761e-01
5.74325249e-01 6.53200820e-01 6.52103270e-01 4.31418435e-01
8.96546596e-01 3.67561870e-01 4.35864925e-01 8.91923355e-01
8.06193989e-01 7.03888584e-01 9.47366912e-02 8.24972810e-01
2.91888358e-01 -3.58407895e-01 -3.81408111e+00 -8.36363865e+00
-1.51877031e+01 -2.09162051e+01 -2.50832388e+01 -2.51559133e+01
-2.20467987e+01 -1.74308993e+01 -1.20932089e+01 -7.51044085e+00
-3.40923789e+00 -1.30881026e+00 2.39702658e-01 8.45205855e-01
9.75521505e-01 8.55803342e-01 1.17140842e-02 3.59978064e-01
7.29990562e-01 1.71629677e-01 5.21036606e-01 5.43379883e-02
1.89016133e-01 -4.26546761e-02 1.31736919e-01 -1.69019296e+00
-6.14994244e+00 -1.66793697e+01 -3.70677425e+01 -7.22556121e+01
-1.21418835e+02 -1.79613816e+02 -2.30074536e+02 -2.55938970e+02
-2.44528139e+02 -2.01602897e+02 -1.44333779e+02 -8.49669528e+01
-4.30945839e+01 -1.77108001e+01 -5.17746521e+00 -1.01172488e+00
-3.85128765e-02 8.79274351e-01 7.39550795e-01 4.90458809e-01
2.27414628e-01 2.54356482e-01 5.80291603e-02 4.17161724e-01
2.40423333e-01 -3.26761190e-02 -3.36656189e+00 -1.12219649e+01
-3.06725762e+01 -6.60292210e+01 -1.26351588e+02 -2.15091009e+02
-3.12684205e+02 -3.96393133e+02 -4.48786524e+02 -4.64592123e+02
-4.39163981e+02 -3.73738246e+02 -2.80304447e+02 -1.80745935e+02
-1.00893708e+02 -4.66235949e+01 -1.57975652e+01 -4.04502998e+00
-4.21606392e-01 7.26768303e-01 2.73542035e-01 7.98046834e-01
1.85635944e-01 9.52791657e-01 6.87096120e-01 1.49233167e-01
1.66194120e-01 -2.72796772e+00 -1.23468427e+01 -3.27557076e+01
-7.71461130e+01 -1.49164141e+02 -2.54083902e+02 -3.56323158e+02
-4.22411712e+02 -4.37543483e+02 -4.19123940e+02 -4.02568510e+02
-3.96237321e+02 -3.76359723e+02 -3.22761837e+02 -2.34104795e+02
-1.42093729e+02 -7.24862932e+01 -2.75647748e+01 -7.66024958e+00
-1.76809342e+00 1.94722947e-01 3.55612738e-01 9.40431945e-01
7.65325254e-01 7.48663620e-01 8.91170720e-01 -2.18146192e-01
-1.49486635e+00 -8.71709256e+00 -2.79106126e+01 -6.85435387e+01
-1.41595250e+02 -2.48320490e+02 -3.52987492e+02 -3.99362235e+02
-3.70004201e+02 -2.94559553e+02 -2.33171603e+02 -2.22194374e+02
-2.62469378e+02 -3.15433588e+02 -3.21419760e+02 -2.60003495e+02
-1.67214782e+02 -8.49027436e+01 -3.36282984e+01 -8.49185765e+00
-1.15156347e+00 5.54104548e-01 6.30447937e-01 8.74287967e-01
2.93020285e-01 8.48943555e-01 6.15131594e-01 -6.88723927e-01
-4.74060962e+00 -1.92879376e+01 -4.96456216e+01 -1.11789473e+02
-2.13647707e+02 -3.22299743e+02 -3.80136513e+02 -3.40012511e+02
-2.31702980e+02 -1.34572897e+02 -9.37526026e+01 -1.23720781e+02
-2.11693920e+02 -3.08960554e+02 -3.43532571e+02 -2.91033675e+02
-1.83376974e+02 -8.98463448e+01 -3.41354823e+01 -9.38007508e+00
-1.58373922e+00 -1.17961936e-01 1.19546458e-01 5.34271818e-02
7.25594364e-01 1.14274586e-02 6.90972905e-01 -1.21148473e+00
-8.75224262e+00 -3.07249068e+01 -7.29283443e+01 -1.57158947e+02
-2.70420245e+02 -3.56332043e+02 -3.46351606e+02 -2.39803936e+02
-1.20604966e+02 -6.07387133e+01 -6.64340374e+01 -1.33659578e+02
-2.51814745e+02 -3.64852487e+02 -3.89795542e+02 -3.12353786e+02
-1.86062364e+02 -8.29094848e+01 -3.02157118e+01 -7.16792508e+00
-1.33334800e+00 5.05624693e-01 7.49675788e-01 7.77407562e-01
2.59422564e-01 3.73813138e-01 4.18972184e-01 -2.15737418e+00
-1.26726766e+01 -3.87802006e+01 -9.14424971e+01 -1.87201270e+02
-2.99064910e+02 -3.55736377e+02 -2.97839988e+02 -1.77138680e+02
-9.22993198e+01 -8.11268412e+01 -1.24355606e+02 -2.18353657e+02
-3.43954696e+02 -4.36193513e+02 -4.18693626e+02 -3.00551549e+02
-1.59338874e+02 -6.57201590e+01 -2.25394812e+01 -5.02908447e+00
-5.92476951e-01 8.94964347e-01 5.43805950e-01 4.56911422e-01
8.82041410e-01 4.58603962e-01 6.04559793e-01 -2.33430801e+00
-1.42226223e+01 -4.29617397e+01 -1.00550574e+02 -1.97891103e+02
-3.04633417e+02 -3.44112566e+02 -2.83950176e+02 -1.95957893e+02
-1.58387530e+02 -1.79420441e+02 -2.40925391e+02 -3.33643133e+02
-4.36175611e+02 -4.84492580e+02 -4.10294792e+02 -2.58007386e+02
-1.19123547e+02 -4.53225288e+01 -1.42742801e+01 -3.92686005e+00
3.75258902e-02 3.18434259e-01 4.23207952e-02 4.24032252e-01
2.58684067e-01 8.49038308e-01 -4.43424323e-02 -1.59748787e+00
-1.38344351e+01 -4.07629010e+01 -9.68381813e+01 -1.86741434e+02
-2.88231290e+02 -3.34502865e+02 -3.11755287e+02 -2.74431953e+02
-2.70799923e+02 -2.96114465e+02 -3.40811338e+02 -4.05424511e+02
-4.81376516e+02 -4.89424180e+02 -3.67885570e+02 -1.97715126e+02
-8.25860436e+01 -3.00919806e+01 -1.01427607e+01 -2.69308332e+00
-1.79925161e-01 -7.65912281e-02 9.11705716e-02 6.18480260e-01
9.74256213e-01 9.90345002e-01 3.85916840e-01 -1.85037891e+00
-1.04894735e+01 -3.25030280e+01 -7.67733353e+01 -1.53793911e+02
-2.44833236e+02 -3.09602974e+02 -3.27377013e+02 -3.24588476e+02
-3.26103741e+02 -3.30363160e+02 -3.46229358e+02 -4.08831597e+02
-4.80222175e+02 -4.55835694e+02 -3.03177739e+02 -1.44496516e+02
-5.73614152e+01 -2.03874215e+01 -7.12013113e+00 -2.32575739e+00
-3.20788895e-02 2.59891919e-01 7.74574323e-01 9.85491428e-01
9.68971705e-01 9.04948346e-01 2.91066069e-01 -2.05635815e-01
-6.67803094e+00 -2.23799762e+01 -5.14176748e+01 -1.04389325e+02
-1.74396114e+02 -2.36959683e+02 -2.72255565e+02 -2.80418280e+02
-2.74304426e+02 -2.66737022e+02 -2.97599429e+02 -3.87588859e+02
-4.54039840e+02 -3.97077951e+02 -2.40113453e+02 -1.08012002e+02
-4.33592423e+01 -1.67167680e+01 -6.67172819e+00 -9.49965420e-01
3.59095737e-01 8.43367837e-01 9.26484199e-01 7.50764862e-01
6.99575060e-01 9.67965567e-01 9.72832162e-01 -1.21903808e-01
-3.26873806e+00 -1.13138726e+01 -2.82237237e+01 -5.64421215e+01
-9.58389067e+01 -1.35597843e+02 -1.63551310e+02 -1.70914418e+02
-1.69730245e+02 -1.87140566e+02 -2.61335765e+02 -3.69479926e+02
-4.08022062e+02 -3.29377188e+02 -1.90338510e+02 -8.76691315e+01
-3.76437715e+01 -1.46226002e+01 -5.46570418e+00 -1.14707479e+00
4.05769044e-02 2.86760354e-01 5.24970442e-01 7.50595023e-01
3.13507466e-01 9.24158767e-01 8.12514625e-01 -2.76407743e-01
-1.41929865e+00 -4.69033508e+00 -1.28298819e+01 -2.44021122e+01
-4.03159809e+01 -5.87822306e+01 -7.37242822e+01 -8.38502559e+01
-1.00576645e+02 -1.54689674e+02 -2.57725718e+02 -3.45640373e+02
-3.52056714e+02 -2.67424359e+02 -1.57278784e+02 -7.69073102e+01
-3.54979982e+01 -1.42069288e+01 -5.33181573e+00 -1.10220226e+00
-2.09328984e-01 1.78099185e-01 2.43131997e-02 3.42610984e-01
6.22231059e-01 2.79067948e-01 2.09749950e-01 -1.38806571e-01
-1.57369560e-01 -1.65453392e+00 -4.38843502e+00 -8.42682525e+00
-1.50055321e+01 -2.10245681e+01 -3.10019607e+01 -4.75606722e+01
-8.76701709e+01 -1.67947050e+02 -2.64023910e+02 -3.16049459e+02
-2.94928624e+02 -2.19593878e+02 -1.33698964e+02 -7.19498159e+01
-3.39505134e+01 -1.36933810e+01 -5.43898477e+00 -2.33813388e+00
-3.47534616e-01 1.16968229e-01 6.23294673e-01 8.86960781e-01
6.18826168e-01 1.33461471e-01 9.50384054e-01 7.36099460e-01
-4.43380624e-02 -7.98828489e-01 -2.18489372e+00 -3.40610570e+00
-6.45637714e+00 -1.13152430e+01 -2.42343348e+01 -5.46353387e+01
-1.13753463e+02 -1.97297140e+02 -2.63841191e+02 -2.80340755e+02
-2.47191689e+02 -1.87488205e+02 -1.20049292e+02 -6.79587911e+01
-3.39138872e+01 -1.43698629e+01 -6.25777546e+00 -2.70547401e+00
-4.01968227e-01 -1.98091440e-01 3.96155226e-02 5.99442982e-02
6.10785371e-02 9.07732957e-01 7.27727055e-01 8.46297651e-01
2.86307801e-01 -7.67922816e-01 -1.91280854e+00 -3.24399853e+00
-8.55702663e+00 -1.93105275e+01 -4.22237156e+01 -8.44141986e+01
-1.50557498e+02 -2.17822600e+02 -2.51474553e+02 -2.43660322e+02
-2.12043731e+02 -1.66280393e+02 -1.10947765e+02 -6.59929593e+01
-3.44019578e+01 -1.59673665e+01 -7.08779383e+00 -2.88605203e+00
-4.17741601e-01 -1.61462529e-01 9.68039532e-02 3.43391729e-01
5.91026901e-01 6.59176472e-01 3.97256747e-01 9.25160347e-01
5.58145648e-02 -1.04475685e-01 -1.67849574e+00 -5.44655398e+00
-1.55327939e+01 -3.47564809e+01 -6.94236733e+01 -1.20947634e+02
-1.80666855e+02 -2.22489961e+02 -2.30818148e+02 -2.12136138e+02
-1.87575562e+02 -1.52552906e+02 -1.04571622e+02 -6.40224355e+01
-3.64716991e+01 -1.85600547e+01 -8.40520724e+00 -3.42871957e+00
-5.19300600e-01 6.93479139e-01 9.83426242e-01 3.99801692e-01
3.80335184e-01 1.47808677e-01 6.84934439e-01 6.02644311e-01
6.12650831e-01 -1.07293808e+00 -3.45398780e+00 -1.07283298e+01
-2.66984430e+01 -5.27717589e+01 -9.40055172e+01 -1.45883818e+02
-1.89378791e+02 -2.10779460e+02 -2.05066863e+02 -1.85078861e+02
-1.68730019e+02 -1.40963267e+02 -1.02286214e+02 -6.60256107e+01
-3.84205210e+01 -1.98680310e+01 -9.60430280e+00 -4.31214462e+00
-6.47017445e-01 4.88206507e-01 3.99161145e-01 4.31760128e-01
6.14527700e-01 7.00421901e-02 8.22406738e-01 6.53421161e-01
3.36930700e-01 -1.53993974e+00 -6.16952289e+00 -1.57577095e+01
-3.38883519e+01 -6.33428786e+01 -1.06041422e+02 -1.46301569e+02
-1.76127470e+02 -1.83154868e+02 -1.72197175e+02 -1.56990704e+02
-1.45569877e+02 -1.27306506e+02 -9.45147936e+01 -6.33727705e+01
-3.78984165e+01 -1.96055603e+01 -9.00012987e+00 -4.06431189e+00
-6.85119360e-01 -7.69555339e-02 5.18149814e-01 8.42776863e-01
3.73215956e-01 2.22863818e-01 6.64143564e-02 8.53109231e-02
-1.86054534e-01 -2.19998594e+00 -5.76201913e+00 -1.40354192e+01
-3.05132187e+01 -5.42307826e+01 -8.69410170e+01 -1.12987376e+02
-1.30874780e+02 -1.32291041e+02 -1.20866631e+02 -1.09714914e+02
-1.04464271e+02 -9.12192169e+01 -6.93999715e+01 -4.54785204e+01
-2.68399587e+01 -1.30680823e+01 -5.80163569e+00 -1.34666165e+00
-1.15670173e-03 8.28568574e-01 6.90784776e-01 9.87348757e-01
7.59282452e-01 3.64544626e-01 5.01063173e-01 3.61487194e-01
-8.42149731e-03 -6.20271971e-01 -1.48206892e+00 -2.66022084e+00
-7.46893424e+00 -1.38548359e+01 -2.21206589e+01 -3.11738802e+01
-3.74622133e+01 -3.69849548e+01 -3.58231985e+01 -3.03367141e+01
-2.93145842e+01 -2.57947088e+01 -1.88569270e+01 -1.31141053e+01
-8.06733552e+00 -3.14412916e+00 -6.33321807e-01 3.45186847e-01
9.19838325e-01 5.20761437e-01 2.67207032e-01 8.77398789e-01
3.71918749e-01 1.38335000e-03 2.47685022e-01 3.18233509e-01
8.58777468e-01 4.58503167e-01 4.28508856e-01 2.44729717e-01
7.89697731e-01 7.94046385e-01 6.44047192e-01 4.19224735e-03
4.21833720e-01 4.07565844e-01 -2.38036343e-01 -2.48836011e-01
-2.56876072e-01 -1.70422764e-01 5.44717395e-01 -1.43962553e-01
1.34864023e-02 2.98663716e-01 6.98171595e-01 8.44234962e-01
1.39072701e-01 4.26904360e-01 8.42854888e-01 8.18033306e-01